7 1 1
7 2 1
9 1 -1
9 2 -1
13 1 -2
13 2 -2
19 1 -2
19 2 -2
31 1 1
31 2 1
37 1 4
37 2 4
43 1 1
43 2 1
61 1 -2
61 2 -2
63 1 1
63 2 -1
63 3 -1
63 4 1
67 1 3
67 2 3
73 1 1
73 2 1
79 1 3
79 2 3
91 1 -1
91 2 1
91 3 1
91 4 -1
97 1 -6
97 2 -6
103 1 6
103 2 6
109 1 1
109 2 1
117 1 -2
117 2 2
117 3 2
117 4 -2
127 1 3
127 2 3
133 1 1
133 2 -5
133 3 -5
133 4 1
139 1 1
139 2 1
151 1 0
151 2 0
157 1 0
157 2 0
163 1 16
163 2 16
171 1 8
171 2 -1
171 3 -1
171 4 8
181 1 10
181 2 10
193 1 -1
193 2 -1
199 1 -11
199 2 -11
211 1 -17
211 2 -17
217 1 -11
217 2 -4
217 3 -4
217 4 -11
223 1 1
223 2 1
229 1 4
229 2 4
241 1 -11
241 2 -11
247 1 1
247 2 1
247 3 1
247 4 1
259 1 1
259 2 -8
259 3 -8
259 4 1
271 1 -9
271 2 -9
277 1 -2
277 2 -2
279 1 -13
279 2 7
279 3 7
279 4 -13
283 1 1
283 2 1
301 1 1
301 2 7
301 3 7
301 4 1
307 1 0
307 2 0
313 1 -6
313 2 -6
331 1 -8
331 2 -8
333 1 2
333 2 2
333 3 2
333 4 2
337 1 -6
337 2 -6
349 1 7
349 2 7
367 1 -8
367 2 -8
373 1 7
373 2 7
379 1 -14
379 2 -14
387 1 -10
387 2 14
387 3 14
387 4 -10
397 1 -2
397 2 -2
403 1 7
403 2 -13
403 3 -13
403 4 7
409 1 31
409 2 31
421 1 -20
421 2 -20
427 1 -2
427 2 -8
427 3 -8
427 4 -2
433 1 -2
433 2 -2
439 1 1
439 2 1
457 1 4
457 2 4
463 1 13
463 2 13
469 1 6
469 2 -12
469 3 -12
469 4 6
481 1 10
481 2 4
481 3 4
481 4 10
487 1 -6
487 2 -6
499 1 3
499 2 3
511 1 2
511 2 1
511 3 1
511 4 2
523 1 3
523 2 3
541 1 -8
541 2 -8
547 1 9
547 2 9
549 1 -22
549 2 -1
549 3 -1
549 4 -22
553 1 3
553 2 3
553 3 3
553 4 3
559 1 22
559 2 -5
559 3 -5
559 4 22
571 1 0
571 2 0
577 1 1
577 2 1
589 1 -8
589 2 -5
589 3 -5
589 4 -8
601 1 -9
601 2 -9
603 1 6
603 2 -3
603 3 -3
603 4 6
607 1 -3
607 2 -3
613 1 3
613 2 3
619 1 -21
619 2 -21
631 1 13
631 2 13
643 1 0
643 2 0
657 1 1
657 2 32
657 3 32
657 4 1
661 1 10
661 2 10
673 1 9
673 2 9
679 1 3
679 2 6
679 3 6
679 4 3
691 1 -3
691 2 -3
703 1 -11
703 2 4
703 3 4
703 4 -11
709 1 33
709 2 33
711 1 -12
711 2 -3
711 3 -3
711 4 -12
721 1 39
721 2 0
721 3 0
721 4 39
727 1 1
727 2 1
733 1 -5
733 2 -5
739 1 -12
739 2 -12
751 1 -2
751 2 -2
757 1 18
757 2 18
763 1 -17
763 2 -1
763 3 -1
763 4 -17
769 1 3
769 2 3
787 1 13
787 2 13
793 1 -11
793 2 -5
793 3 -5
793 4 -11
811 1 1
811 2 1
817 1 7
817 2 -23
817 3 -23
817 4 7
819 1 -14
819 2 23
819 3 2
819 4 26
819 5 26
819 6 2
819 7 23
819 8 -14
823 1 -8
823 2 -8
829 1 -1
829 2 -1
853 1 6
853 2 6
859 1 -41
859 2 -41
871 1 12
871 2 3
871 3 3
871 4 12
873 1 -36
873 2 0
873 3 0
873 4 -36
877 1 -14
877 2 -14
883 1 25
883 2 25
889 1 -3
889 2 -9
889 3 -9
889 4 -3
907 1 37
907 2 37
919 1 1
919 2 1
927 1 3
927 2 -21
927 3 -21
927 4 3
937 1 -18
937 2 -18
949 1 -10
949 2 -26
949 3 -26
949 4 -10
967 1 -1
967 2 -1
973 1 -1
973 2 34
973 3 34
973 4 -1
981 1 17
981 2 7
981 3 7
981 4 17
991 1 7
991 2 7
997 1 0
997 2 0
1009 1 -15
1009 2 -15
1021 1 1
1021 2 1
1027 1 -21
1027 2 0
1027 3 0
1027 4 -21
1033 1 27
1033 2 27
1039 1 21
1039 2 21
1051 1 6
1051 2 6
1057 1 3
1057 2 -21
1057 3 -21
1057 4 3
1063 1 33
1063 2 33
1069 1 7
1069 2 7
1087 1 3
1087 2 3
1093 1 4
1093 2 4
1099 1 30
1099 2 -3
1099 3 -3
1099 4 30
1117 1 -23
1117 2 -23
1123 1 19
1123 2 19
1129 1 -48
1129 2 -48
1141 1 7
1141 2 -7
1141 3 -7
1141 4 7
1143 1 36
1143 2 6
1143 3 6
1143 4 36
1147 1 4
1147 2 -5
1147 3 -5
1147 4 4
1153 1 -9
1153 2 -9
1159 1 19
1159 2 13
1159 3 13
1159 4 19
1171 1 16
1171 2 16
1197 1 1
1197 2 -29
1197 3 2
1197 4 -28
1197 5 -28
1197 6 2
1197 7 -29
1197 8 1
1201 1 -30
1201 2 -30
1213 1 52
1213 2 52
1231 1 52
1231 2 52
1237 1 -47
1237 2 -47
1249 1 -17
1249 2 -17
1251 1 7
1251 2 5
1251 3 5
1251 4 7
1261 1 -18
1261 2 0
1261 3 0
1261 4 -18
1267 1 4
1267 2 17
1267 3 17
1267 4 4
1273 1 42
1273 2 -6
1273 3 -6
1273 4 42
1279 1 13
1279 2 13
1291 1 -23
1291 2 -23
1297 1 13
1297 2 13
1303 1 -8
1303 2 -8
1321 1 18
1321 2 18
1327 1 -3
1327 2 -3
1333 1 -2
1333 2 -2
1333 3 -2
1333 4 -2
1339 1 3
1339 2 42
1339 3 42
1339 4 3
1351 1 -7
1351 2 -31
1351 3 -31
1351 4 -7
1359 1 -30
1359 2 3
1359 3 3
1359 4 -30
1381 1 -62
1381 2 -62
1387 1 -5
1387 2 -14
1387 3 -14
1387 4 -5
1393 1 -2
1393 2 10
1393 3 10
1393 4 -2
1399 1 -2
1399 2 -2
1413 1 -21
1413 2 57
1413 3 57
1413 4 -21
1417 1 28
1417 2 -19
1417 3 -19
1417 4 28
1423 1 0
1423 2 0
1429 1 36
1429 2 36
1447 1 -47
1447 2 -47
1453 1 7
1453 2 7
1459 1 -2
1459 2 -2
1467 1 -1
1467 2 1
1467 3 1
1467 4 -1
1471 1 -14
1471 2 -14
1477 1 7
1477 2 -17
1477 3 -17
1477 4 7
1483 1 -26
1483 2 -26
1489 1 1
1489 2 1
1501 1 39
1501 2 -3
1501 3 -3
1501 4 39
1531 1 -9
1531 2 -9
1543 1 -17
1543 2 -17
1549 1 -11
1549 2 -11
1561 1 -14
1561 2 -19
1561 3 -19
1561 4 -14
1567 1 -21
1567 2 -21
1579 1 7
1579 2 7
1591 1 -8
1591 2 -47
1591 3 -47
1591 4 -8
1597 1 -5
1597 2 -5
1603 1 31
1603 2 7
1603 3 7
1603 4 31
1609 1 6
1609 2 6
1621 1 1
1621 2 1
1627 1 10
1627 2 10
1629 1 -13
1629 2 4
1629 3 4
1629 4 -13
1651 1 12
1651 2 12
1651 3 12
1651 4 12
1657 1 4
1657 2 4
1663 1 22
1663 2 22
1669 1 -9
1669 2 -9
1687 1 2
1687 2 16
1687 3 16
1687 4 2
1693 1 -77
1693 2 -77
1699 1 -5
1699 2 -5
1723 1 3
1723 2 3
1729 1 11
1729 2 17
1729 3 -5
1729 4 7
1729 5 7
1729 6 -5
1729 7 17
1729 8 11
1737 1 25
1737 2 1
1737 3 1
1737 4 25
1741 1 -42
1741 2 -42
1747 1 37
1747 2 37
1753 1 -20
1753 2 -20
1759 1 -27
1759 2 -27
1777 1 3
1777 2 3
1783 1 6
1783 2 6
1789 1 11
1789 2 11
1791 1 23
1791 2 2
1791 3 2
1791 4 23
1801 1 4
1801 2 4
1807 1 -10
1807 2 4
1807 3 4
1807 4 -10
1831 1 -3
1831 2 -3
1843 1 45
1843 2 0
1843 3 0
1843 4 45
1861 1 -42
1861 2 -42
1867 1 1
1867 2 1
1873 1 -26
1873 2 -26
1879 1 7
1879 2 7
1891 1 49
1891 2 -2
1891 3 -2
1891 4 49
1897 1 0
1897 2 3
1897 3 3
1897 4 0
1899 1 47
1899 2 2
1899 3 2
1899 4 47
1933 1 7
1933 2 7
1939 1 -10
1939 2 -32
1939 3 -32
1939 4 -10
1951 1 16
1951 2 16
1953 1 2
1953 2 4
1953 3 14
1953 4 26
1953 5 26
1953 6 14
1953 7 4
1953 8 2
1957 1 0
1957 2 -15
1957 3 -15
1957 4 0
1963 1 15
1963 2 -3
1963 3 -3
1963 4 15
1981 1 -17
1981 2 -28
1981 3 -28
1981 4 -17
1987 1 42
1987 2 42
1993 1 -38
1993 2 -38
1999 1 -5
1999 2 -5
2007 1 2
2007 2 -5
2007 3 -5
2007 4 2
2011 1 57
2011 2 57
2017 1 7
2017 2 7
2029 1 1
2029 2 1
2041 1 51
2041 2 -3
2041 3 -3
2041 4 51
2053 1 -11
2053 2 -11
2061 1 -1
2061 2 -28
2061 3 -28
2061 4 -1
2071 1 88
2071 2 -23
2071 3 -23
2071 4 88
2077 1 48
2077 2 3
2077 3 3
2077 4 48
2083 1 0
2083 2 0
2089 1 3
2089 2 3
2113 1 4
2113 2 4
2119 1 13
2119 2 -1
2119 3 -1
2119 4 13
2131 1 13
2131 2 13
2137 1 -23
2137 2 -23
2143 1 -3
2143 2 -3
2149 1 -9
2149 2 63
2149 3 63
2149 4 -9
2161 1 24
2161 2 24
2169 1 -29
2169 2 2
2169 3 2
2169 4 -29
2179 1 1
2179 2 1
2191 1 -6
2191 2 -33
2191 3 -33
2191 4 -6
2203 1 -3
2203 2 -3
2221 1 1
2221 2 1
2223 1 4
2223 2 -8
2223 3 11
2223 4 -43
2223 5 -43
2223 6 11
2223 7 -8
2223 8 4
2239 1 36
2239 2 36
2251 1 4
2251 2 4
2257 1 -38
2257 2 13
2257 3 13
2257 4 -38
2263 1 13
2263 2 -43
2263 3 -43
2263 4 13
2269 1 13
2269 2 13
2281 1 4
2281 2 4
2287 1 0
2287 2 0
2293 1 9
2293 2 9
2311 1 33
2311 2 33
2317 1 1
2317 2 20
2317 3 20
2317 4 1
2331 1 -53
2331 2 -23
2331 3 2
2331 4 -25
2331 5 -25
2331 6 2
2331 7 -23
2331 8 -53
2341 1 1
2341 2 1
2347 1 0
2347 2 0
2353 1 -17
2353 2 -19
2353 3 -19
2353 4 -17
2359 1 3
2359 2 3
2359 3 3
2359 4 3
2371 1 -39
2371 2 -39
2377 1 -59
2377 2 -59
2383 1 1
2383 2 1
2389 1 34
2389 2 34
2413 1 42
2413 2 21
2413 3 21
2413 4 42
2437 1 36
2437 2 36
2439 1 12
2439 2 3
2439 3 3
2439 4 12
2443 1 1
2443 2 37
2443 3 37
2443 4 1
2449 1 9
2449 2 -27
2449 3 -27
2449 4 9
2467 1 -8
2467 2 -8
2473 1 -59
2473 2 -59
2479 1 -18
2479 2 0
2479 3 0
2479 4 -18
2493 1 10
2493 2 32
2493 3 32
2493 4 10
2503 1 6
2503 2 6
2509 1 -40
2509 2 -7
2509 3 -7
2509 4 -40
2521 1 -89
2521 2 -89
2539 1 49
2539 2 49
2547 1 2
2547 2 -5
2547 3 -5
2547 4 2
2551 1 -17
2551 2 -17
2557 1 -41
2557 2 -41
2569 1 -4
2569 2 -32
2569 3 -32
2569 4 -4
2587 1 1
2587 2 1
2587 3 1
2587 4 1
2593 1 -15
2593 2 -15
2611 1 19
2611 2 8
2611 3 8
2611 4 19
2617 1 -11
2617 2 -11
2623 1 -44
2623 2 1
2623 3 1
2623 4 -44
2641 1 -8
2641 2 7
2641 3 7
2641 4 -8
2647 1 48
2647 2 48
2653 1 -1
2653 2 -23
2653 3 -23
2653 4 -1
2659 1 -28
2659 2 -28
2671 1 4
2671 2 4
2677 1 30
2677 2 30
2683 1 6
2683 2 6
2689 1 -12
2689 2 -12
2701 1 4
2701 2 22
2701 3 22
2701 4 4
2707 1 32
2707 2 32
2709 1 -5
2709 2 4
2709 3 -13
2709 4 -31
2709 5 -31
2709 6 -13
2709 7 4
2709 8 -5
2713 1 25
2713 2 25
2719 1 54
2719 2 54
2731 1 -11
2731 2 -11
2743 1 16
2743 2 -2
2743 3 -2
2743 4 16
2749 1 3
2749 2 3
2763 1 24
2763 2 6
2763 3 6
2763 4 24
2767 1 1
2767 2 1
2779 1 31
2779 2 -19
2779 3 -19
2779 4 31
2791 1 4
2791 2 4
2797 1 -68
2797 2 -68
2803 1 -24
2803 2 -24
2817 1 -15
2817 2 3
2817 3 3
2817 4 -15
2821 1 -2
2821 2 2
2821 3 -53
2821 4 -14
2821 5 -14
2821 6 -53
2821 7 2
2821 8 -2
2833 1 -2
2833 2 -2
2851 1 30
2851 2 30
2857 1 -33
2857 2 -33
2863 1 1
2863 2 46
2863 3 46
2863 4 1
2869 1 -39
2869 2 3
2869 3 3
2869 4 -39
2881 1 -99
2881 2 9
2881 3 9
2881 4 -99
2887 1 -47
2887 2 -47
2899 1 -2
2899 2 -4
2899 3 -4
2899 4 -2
2917 1 4
2917 2 4
2923 1 -27
2923 2 0
2923 3 0
2923 4 -27
2947 1 11
2947 2 64
2947 3 64
2947 4 11
2953 1 -5
2953 2 -5
2971 1 1
2971 2 1
2977 1 -41
2977 2 -17
2977 3 -17
2977 4 -41
2979 1 -67
2979 2 7
2979 3 7
2979 4 -67
2983 1 -9
2983 2 3
2983 3 3
2983 4 -9
3001 1 1
3001 2 1
3007 1 -57
3007 2 21
3007 3 21
3007 4 -57
3019 1 1
3019 2 1
3031 1 -34
3031 2 -23
3031 3 -23
3031 4 -34
3033 1 -9
3033 2 -12
3033 3 -12
3033 4 -9
3037 1 7
3037 2 7
3049 1 -15
3049 2 -15
3061 1 4
3061 2 4
3067 1 -14
3067 2 -14
3073 1 -59
3073 2 32
3073 3 32
3073 4 -59
3079 1 16
3079 2 16
3097 1 -2
3097 2 -8
3097 3 -8
3097 4 -2
3109 1 12
3109 2 12
3121 1 -104
3121 2 -104
3133 1 -34
3133 2 19
3133 3 19
3133 4 -34
3139 1 4
3139 2 31
3139 3 31
3139 4 4
3141 1 -31
3141 2 5
3141 3 5
3141 4 -31
3163 1 -2
3163 2 -2
3169 1 -32
3169 2 -32
3181 1 -3
3181 2 -3
3187 1 17
3187 2 17
3193 1 -21
3193 2 45
3193 3 45
3193 4 -21
3199 1 -32
3199 2 16
3199 3 16
3199 4 -32
3217 1 -15
3217 2 -15
3229 1 13
3229 2 13
3241 1 -1
3241 2 -8
3241 3 -8
3241 4 -1
3253 1 -12
3253 2 -12
3259 1 7
3259 2 7
3271 1 16
3271 2 16
3301 1 30
3301 2 30
3303 1 -41
3303 2 -4
3303 3 -4
3303 4 -41
3307 1 3
3307 2 3
3313 1 -23
3313 2 -23
3319 1 4
3319 2 4
3331 1 -6
3331 2 -6
3343 1 -3
3343 2 -3
3357 1 -1
3357 2 -5
3357 3 -5
3357 4 -1
3361 1 -12
3361 2 -12
3367 1 44
3367 2 2
3367 3 -62
3367 4 -5
3367 5 -5
3367 6 -62
3367 7 2
3367 8 44
3373 1 1
3373 2 1
3379 1 5
3379 2 4
3379 3 4
3379 4 5
3391 1 15
3391 2 15
3397 1 21
3397 2 -3
3397 3 -3
3397 4 21
3409 1 -3
3409 2 6
3409 3 6
3409 4 -3
3411 1 -29
3411 2 -16
3411 3 -16
3411 4 -29
3433 1 58
3433 2 58
3439 1 -23
3439 2 16
3439 3 16
3439 4 -23
3457 1 1
3457 2 1
3463 1 -2
3463 2 -2
3469 1 -6
3469 2 -6
3493 1 54
3493 2 -36
3493 3 -36
3493 4 54
3499 1 46
3499 2 46
3511 1 -11
3511 2 -11
3517 1 -24
3517 2 -24
3523 1 -75
3523 2 -18
3523 3 -18
3523 4 -75
3529 1 10
3529 2 10
3541 1 16
3541 2 16
3547 1 -42
3547 2 -42
3559 1 1
3559 2 1
3571 1 -84
3571 2 -84
3573 1 -7
3573 2 67
3573 3 67
3573 4 -7
3583 1 -26
3583 2 -26
3589 1 -9
3589 2 15
3589 3 15
3589 4 -9
3601 1 5
3601 2 64
3601 3 64
3601 4 5
3607 1 -2
3607 2 -2
3613 1 85
3613 2 85
3627 1 -19
3627 2 7
3627 3 -1
3627 4 -7
3627 5 -7
3627 6 -1
3627 7 7
3627 8 -19
3631 1 0
3631 2 0
3637 1 7
3637 2 7
3643 1 64
3643 2 64
3661 1 -6
3661 2 27
3661 3 27
3661 4 -6
3667 1 23
3667 2 5
3667 3 5
3667 4 23
3673 1 -18
3673 2 -18
3679 1 16
3679 2 2
3679 3 2
3679 4 16
3681 1 17
3681 2 -1
3681 3 -1
3681 4 17
3691 1 -45
3691 2 -45
3697 1 -39
3697 2 -39
3709 1 -18
3709 2 -18
3727 1 87
3727 2 87
3733 1 -2
3733 2 -2
3739 1 22
3739 2 22
3769 1 19
3769 2 19
3781 1 -62
3781 2 4
3781 3 4
3781 4 -62
3787 1 2
3787 2 -44
3787 3 -44
3787 4 2
3789 1 -38
3789 2 11
3789 3 11
3789 4 -38
3793 1 -20
3793 2 -20
3811 1 9
3811 2 -24
3811 3 -24
3811 4 9
3823 1 7
3823 2 7
3829 1 -12
3829 2 6
3829 3 6
3829 4 -12
3843 1 13
3843 2 43
3843 3 8
3843 4 11
3843 5 11
3843 6 8
3843 7 43
3843 8 13
3847 1 1
3847 2 1
3853 1 -9
3853 2 -9
3877 1 28
3877 2 28
3889 1 0
3889 2 0
3897 1 46
3897 2 53
3897 3 53
3897 4 46
3907 1 -3
3907 2 -3
3913 1 5
3913 2 5
3913 3 61
3913 4 73
3913 5 73
3913 6 61
3913 7 5
3913 8 5
3919 1 -14
3919 2 -14
3931 1 -24
3931 2 -24
3937 1 21
3937 2 3
3937 3 3
3937 4 21
3943 1 -8
3943 2 -8
3951 1 -13
3951 2 13
3951 3 13
3951 4 -13
3967 1 13
3967 2 13
3991 1 -21
3991 2 69
3991 3 69
3991 4 -21
3997 1 -33
3997 2 6
3997 3 6
3997 4 -33
4003 1 54
4003 2 54
4009 1 37
4009 2 10
4009 3 10
4009 4 37
4021 1 -17
4021 2 -17
4027 1 7
4027 2 7
4033 1 7
4033 2 -23
4033 3 -23
4033 4 7
4039 1 1
4039 2 13
4039 3 13
4039 4 1
4051 1 4
4051 2 4
4057 1 4
4057 2 4
4069 1 -15
4069 2 9
4069 3 9
4069 4 -15
4087 1 -3
4087 2 3
4087 3 3
4087 4 -3
4093 1 -5
4093 2 -5
4099 1 9
4099 2 9
4111 1 105
4111 2 105
4113 1 -19
4113 2 44
4113 3 44
4113 4 -19
4123 1 7
4123 2 8
4123 3 -167
4123 4 35
4123 5 35
4123 6 -167
4123 7 8
4123 8 7
4129 1 -9
4129 2 -9
4153 1 -29
4153 2 -29
4159 1 52
4159 2 52
4167 1 64
4167 2 11
4167 3 11
4167 4 64
4171 1 18
4171 2 42
4171 3 42
4171 4 18
4177 1 1
4177 2 1
4201 1 79
4201 2 79
4207 1 -18
4207 2 0
4207 3 0
4207 4 -18
4219 1 -31
4219 2 -31
4221 1 24
4221 2 21
4221 3 3
4221 4 -12
4221 5 -12
4221 6 3
4221 7 21
4221 8 24
4231 1 -11
4231 2 -11
4237 1 52
4237 2 1
4237 3 1
4237 4 52
4243 1 -92
4243 2 -92
4249 1 -75
4249 2 0
4249 3 0
4249 4 -75
4261 1 67
4261 2 67
4273 1 22
4273 2 22
4291 1 -9
4291 2 36
4291 3 36
4291 4 -9
4297 1 106
4297 2 106
4303 1 -92
4303 2 2
4303 3 2
4303 4 -92
4309 1 -11
4309 2 26
4309 3 26
4309 4 -11
4327 1 -97
4327 2 -97
4329 1 -2
4329 2 1
4329 3 -25
4329 4 -46
4329 5 -46
4329 6 -25
4329 7 1
4329 8 -2
4333 1 21
4333 2 -72
4333 3 -72
4333 4 21
4339 1 7
4339 2 7
4351 1 61
4351 2 31
4351 3 31
4351 4 61
4357 1 76
4357 2 76
4363 1 -14
4363 2 -14
4381 1 -24
4381 2 3
4381 3 3
4381 4 -24
4383 1 -12
4383 2 9
4383 3 9
4383 4 -12
4417 1 28
4417 2 -4
4417 3 -4
4417 4 28
4423 1 11
4423 2 11
4429 1 -24
4429 2 12
4429 3 12
4429 4 -24
4441 1 13
4441 2 13
4447 1 -93
4447 2 -93
4453 1 -5
4453 2 -23
4453 3 -23
4453 4 -5
4483 1 3
4483 2 3
4491 1 33
4491 2 -12
4491 3 -12
4491 4 33
4501 1 -45
4501 2 63
4501 3 63
4501 4 -45
4507 1 -93
4507 2 -93
4513 1 0
4513 2 0
4519 1 -6
4519 2 -6
4537 1 7
4537 2 -5
4537 3 -5
4537 4 7
4549 1 0
4549 2 0
4561 1 -26
4561 2 -26
4567 1 -21
4567 2 -21
4579 1 -8
4579 2 1
4579 3 1
4579 4 -8
4591 1 -53
4591 2 -53
4597 1 9
4597 2 9
4599 1 19
4599 2 47
4599 3 5
4599 4 -4
4599 5 -4
4599 6 5
4599 7 47
4599 8 19
4603 1 36
4603 2 36
4621 1 9
4621 2 9
4627 1 13
4627 2 41
4627 3 41
4627 4 13
4639 1 -75
4639 2 -75
4651 1 -12
4651 2 -12
4657 1 -23
4657 2 -23
4663 1 -20
4663 2 -20
4681 1 42
4681 2 33
4681 3 33
4681 4 42
4687 1 -11
4687 2 1
4687 3 1
4687 4 -11
4699 1 18
4699 2 -9
4699 3 -9
4699 4 18
4707 1 15
4707 2 15
4707 3 15
4707 4 15
4711 1 15
4711 2 -12
4711 3 -12
4711 4 15
4723 1 -59
4723 2 -59
4729 1 1
4729 2 1
4759 1 1
4759 2 1
4771 1 -55
4771 2 31
4771 3 31
4771 4 -55
4783 1 10
4783 2 10
4789 1 -72
4789 2 -72
4801 1 93
4801 2 93
4813 1 72
4813 2 72
4819 1 39
4819 2 33
4819 3 33
4819 4 39
4831 1 -74
4831 2 -74
4837 1 63
4837 2 -15
4837 3 -15
4837 4 63
4849 1 172
4849 2 -13
4849 3 -13
4849 4 172
4861 1 -6
4861 2 -6
4867 1 15
4867 2 -3
4867 3 -3
4867 4 15
4869 1 -113
4869 2 -4
4869 3 -4
4869 4 -113
4891 1 9
4891 2 0
4891 3 0
4891 4 9
4903 1 -113
4903 2 -113
4909 1 -11
4909 2 -11
4921 1 43
4921 2 -17
4921 3 79
4921 4 7
4921 5 7
4921 6 79
4921 7 -17
4921 8 43
4923 1 -111
4923 2 3
4923 3 3
4923 4 -111
4927 1 41
4927 2 16
4927 3 16
4927 4 41
4933 1 -2
4933 2 -2
4951 1 -11
4951 2 -11
4957 1 -21
4957 2 -21
4963 1 -18
4963 2 -39
4963 3 -39
4963 4 -18
4969 1 -5
4969 2 -5
4977 1 -27
4977 2 -21
4977 3 -9
4977 4 -36
4977 5 -36
4977 6 -9
4977 7 -21
4977 8 -27
4987 1 -17
4987 2 -17
4993 1 -39
4993 2 -39
4999 1 -59
4999 2 -59
5011 1 -23
5011 2 -23
5023 1 -89
5023 2 -89
5031 1 7
5031 2 -29
5031 3 23
5031 4 2
5031 5 2
5031 6 23
5031 7 -29
5031 8 7
5053 1 -7
5053 2 82
5053 3 82
5053 4 -7
5059 1 -14
5059 2 -14
5077 1 -15
5077 2 -15
5089 1 -101
5089 2 1
5089 3 1
5089 4 -101
5101 1 -9
5101 2 -9
5107 1 -37
5107 2 -37
5113 1 0
5113 2 0
5119 1 -71
5119 2 -71
5131 1 61
5131 2 13
5131 3 13
5131 4 61
5139 1 -15
5139 2 -9
5139 3 -9
5139 4 -15
5143 1 -32
5143 2 -2
5143 3 -2
5143 4 -32
5149 1 78
5149 2 -21
5149 3 -21
5149 4 78
5161 1 -14
5161 2 -49
5161 3 -49
5161 4 -14
5167 1 10
5167 2 10
5173 1 -42
5173 2 -9
5173 3 -9
5173 4 -42
5179 1 7
5179 2 7
5193 1 5
5193 2 8
5193 3 8
5193 4 5
5197 1 3
5197 2 3
5209 1 -5
5209 2 -5
5227 1 -11
5227 2 -11
5233 1 7
5233 2 7
5257 1 35
5257 2 1
5257 3 1
5257 4 35
5263 1 13
5263 2 52
5263 3 52
5263 4 13
5281 1 -59
5281 2 -59
5293 1 -42
5293 2 21
5293 3 21
5293 4 -42
5299 1 -6
5299 2 -42
5299 3 -42
5299 4 -6
5301 1 -76
5301 2 -23
5301 3 8
5301 4 -2
5301 5 -2
5301 6 8
5301 7 -23
5301 8 -76
5317 1 1
5317 2 10
5317 3 10
5317 4 1
5323 1 -6
5323 2 -6
5347 1 -3
5347 2 -3
5377 1 -56
5377 2 22
5377 3 22
5377 4 -56
5383 1 39
5383 2 18
5383 3 18
5383 4 39
5407 1 37
5407 2 37
5409 1 3
5409 2 -36
5409 3 -36
5409 4 3
5413 1 12
5413 2 12
5419 1 -5
5419 2 -5
5431 1 -38
5431 2 -38
5437 1 1
5437 2 1
5443 1 14
5443 2 14
5449 1 7
5449 2 7
5461 1 -6
5461 2 -6
5461 3 -6
5461 4 -6
5463 1 3
5463 2 63
5463 3 63
5463 4 3
5473 1 38
5473 2 4
5473 3 4
5473 4 38
5479 1 -83
5479 2 -83
5503 1 7
5503 2 7
5509 1 11
5509 2 -26
5509 3 -26
5509 4 11
5517 1 81
5517 2 -3
5517 3 -3
5517 4 81
5521 1 1
5521 2 1
5527 1 6
5527 2 6
5551 1 56
5551 2 95
5551 3 7
5551 4 7
5551 5 7
5551 6 7
5551 7 95
5551 8 56
5557 1 -53
5557 2 -53
5563 1 21
5563 2 21
5569 1 -9
5569 2 -9
5571 1 -27
5571 2 -6
5571 3 -6
5571 4 -27
5581 1 -5
5581 2 -5
5587 1 81
5587 2 -6
5587 3 -6
5587 4 81
5611 1 11
5611 2 19
5611 3 19
5611 4 11
5623 1 -76
5623 2 -76
5629 1 -16
5629 2 -8
5629 3 -8
5629 4 -16
5641 1 12
5641 2 12
5647 1 -69
5647 2 -69
5653 1 13
5653 2 13
5659 1 -43
5659 2 -43
5677 1 -7
5677 2 7
5677 3 7
5677 4 -7
5679 1 2
5679 2 79
5679 3 79
5679 4 2
5683 1 79
5683 2 79
5689 1 45
5689 2 45
5701 1 -81
5701 2 -81
5707 1 -59
5707 2 89
5707 3 89
5707 4 -59
5719 1 -2
5719 2 -5
5719 3 -83
5719 4 37
5719 5 37
5719 6 -83
5719 7 -5
5719 8 -2
5737 1 1
5737 2 1
5743 1 184
5743 2 184
5749 1 16
5749 2 16
5761 1 7
5761 2 -2
5761 3 -2
5761 4 7
5767 1 18
5767 2 63
5767 3 63
5767 4 18
5779 1 7
5779 2 7
5787 1 -9
5787 2 132
5787 3 132
5787 4 -9
5791 1 -36
5791 2 -36
5803 1 -1
5803 2 -7
5803 3 -7
5803 4 -1
5809 1 -18
5809 2 111
5809 3 111
5809 4 -18
5821 1 1
5821 2 1
5827 1 -32
5827 2 -32
5833 1 66
5833 2 -81
5833 3 -81
5833 4 66
5839 1 1
5839 2 1
5851 1 12
5851 2 12
5857 1 -8
5857 2 -8
5869 1 -89
5869 2 -89
5881 1 47
5881 2 47
5917 1 6
5917 2 3
5917 3 3
5917 4 6
5923 1 -48
5923 2 -48
5941 1 16
5941 2 -2
5941 3 -2
5941 4 16
5947 1 9
5947 2 0
5947 3 0
5947 4 9
5949 1 -49
5949 2 4
5949 3 4
5949 4 -49
5953 1 26
5953 2 26
5971 1 9
5971 2 78
5971 3 78
5971 4 9
5977 1 -83
5977 2 -2
5977 3 -2
5977 4 -83
5983 1 26
5983 2 -73
5983 3 -73
5983 4 26
6007 1 21
6007 2 21
6013 1 4
6013 2 7
6013 3 7
6013 4 4
6019 1 80
6019 2 7
6019 3 7
6019 4 80
6031 1 58
6031 2 -5
6031 3 -5
6031 4 58
6037 1 -2
6037 2 -2
6043 1 25
6043 2 25
6057 1 -6
6057 2 63
6057 3 63
6057 4 -6
6067 1 43
6067 2 43
6073 1 -64
6073 2 -64
6079 1 7
6079 2 7
6091 1 4
6091 2 4
6097 1 99
6097 2 9
6097 3 33
6097 4 0
6097 5 0
6097 6 33
6097 7 9
6097 8 99
6111 1 18
6111 2 -81
6111 3 -9
6111 4 18
6111 5 18
6111 6 -9
6111 7 -81
6111 8 18
6121 1 22
6121 2 22
6133 1 1
6133 2 1
6139 1 -5
6139 2 -2
6139 3 -2
6139 4 -5
6151 1 1
6151 2 1
6163 1 -21
6163 2 -21
6169 1 49
6169 2 -5
6169 3 -5
6169 4 49
6181 1 16
6181 2 -1
6181 3 -1
6181 4 16
6199 1 199
6199 2 199
6211 1 -1
6211 2 -1
6217 1 -19
6217 2 -19
6219 1 -3
6219 2 57
6219 3 57
6219 4 -3
6229 1 48
6229 2 48
6247 1 61
6247 2 61
6271 1 1
6271 2 1
6277 1 -23
6277 2 -23
6283 1 9
6283 2 -12
6283 3 -12
6283 4 9
6289 1 67
6289 2 1
6289 3 1
6289 4 67
6301 1 -2
6301 2 -2
6327 1 5
6327 2 -43
6327 3 -7
6327 4 -4
6327 5 -4
6327 6 -7
6327 7 -43
6327 8 5
6331 1 -147
6331 2 6
6331 3 6
6331 4 -147
6337 1 15
6337 2 15
6343 1 -69
6343 2 -69
6349 1 7
6349 2 -11
6349 3 -11
6349 4 7
6361 1 4
6361 2 4
6367 1 22
6367 2 22
6373 1 -26
6373 2 -26
6379 1 -65
6379 2 -65
6381 1 -72
6381 2 3
6381 3 3
6381 4 -72
6397 1 9
6397 2 9
6403 1 12
6403 2 9
6403 3 9
6403 4 12
6421 1 -3
6421 2 -3
6427 1 -12
6427 2 -12
6433 1 -163
6433 2 91
6433 3 91
6433 4 -163
6451 1 4
6451 2 4
6469 1 -36
6469 2 -36
6481 1 88
6481 2 88
6487 1 -51
6487 2 -21
6487 3 -21
6487 4 -51
6489 1 -12
6489 2 -18
6489 3 -3
6489 4 -9
6489 5 -9
6489 6 -3
6489 7 -18
6489 8 -12
6493 1 -60
6493 2 132
6493 3 132
6493 4 -60
6499 1 36
6499 2 9
6499 3 9
6499 4 36
6529 1 -125
6529 2 -125
6541 1 4
6541 2 -8
6541 3 -8
6541 4 4
6543 1 20
6543 2 -49
6543 3 -49
6543 4 20
6547 1 -27
6547 2 -27
6553 1 -9
6553 2 -9
6559 1 3
6559 2 48
6559 3 48
6559 4 3
6571 1 51
6571 2 51
6577 1 -62
6577 2 -62
6597 1 20
6597 2 5
6597 3 5
6597 4 20
6607 1 13
6607 2 13
6619 1 4
6619 2 4
6631 1 25
6631 2 1
6631 3 1
6631 4 25
6637 1 -4
6637 2 -4
6643 1 -67
6643 2 16
6643 3 4
6643 4 -29
6643 5 -29
6643 6 4
6643 7 16
6643 8 -67
6649 1 22
6649 2 -68
6649 3 -68
6649 4 22
6651 1 12
6651 2 -27
6651 3 -27
6651 4 12
6661 1 -17
6661 2 -17
6673 1 -14
6673 2 -14
6679 1 -14
6679 2 -14
6691 1 82
6691 2 82
6697 1 -56
6697 2 4
6697 3 4
6697 4 -56
6703 1 -6
6703 2 -6
6709 1 -8
6709 2 -8
6733 1 -81
6733 2 -81
6751 1 12
6751 2 -9
6751 3 -9
6751 4 12
6759 1 7
6759 2 -25
6759 3 -25
6759 4 7
6763 1 -81
6763 2 -81
6769 1 -82
6769 2 -7
6769 3 -7
6769 4 -82
6781 1 10
6781 2 10
6793 1 21
6793 2 21
6799 1 27
6799 2 3
6799 3 3
6799 4 27
6813 1 -18
6813 2 9
6813 3 9
6813 4 -18
6823 1 -88
6823 2 -88
6829 1 -102
6829 2 -102
6841 1 -29
6841 2 -29
6867 1 -1
6867 2 4
6867 3 -94
6867 4 -19
6867 5 -19
6867 6 -94
6867 7 4
6867 8 -1
6871 1 171
6871 2 171
6883 1 -14
6883 2 -14
6901 1 0
6901 2 -18
6901 3 -18
6901 4 0
6907 1 103
6907 2 103
6913 1 11
6913 2 4
6913 3 4
6913 4 11
6921 1 21
6921 2 -51
6921 3 -51
6921 4 21
6937 1 11
6937 2 -47
6937 3 -47
6937 4 11
6949 1 -53
6949 2 -53
6961 1 -3
6961 2 -3
6967 1 -6
6967 2 -6
6973 1 -14
6973 2 -5
6973 3 -5
6973 4 -14
6979 1 -33
6979 2 -12
6979 3 -12
6979 4 -33
6991 1 -17
6991 2 -17
6997 1 27
6997 2 27
7009 1 1
7009 2 25
7009 3 25
7009 4 1
7027 1 21
7027 2 21
7033 1 -55
7033 2 -17
7033 3 -17
7033 4 -55
7039 1 61
7039 2 61
7057 1 -17
7057 2 -17
7063 1 -21
7063 2 84
7063 3 84
7063 4 -21
7069 1 19
7069 2 19
7081 1 27
7081 2 75
7081 3 75
7081 4 27
7083 1 67
7083 2 8
7083 3 8
7083 4 67
7087 1 -47
7087 2 4
7087 3 4
7087 4 -47
7099 1 1
7099 2 1
7099 3 1
7099 4 1
7111 1 -24
7111 2 -6
7111 3 -6
7111 4 -24
7129 1 93
7129 2 93
7137 1 7
7137 2 43
7137 3 -52
7137 4 -13
7137 5 -13
7137 6 -52
7137 7 43
7137 8 7
7141 1 -61
7141 2 17
7141 3 17
7141 4 -61
7147 1 -40
7147 2 -197
7147 3 -197
7147 4 -40
7159 1 -23
7159 2 -23
7177 1 48
7177 2 48
7189 1 -21
7189 2 -147
7189 3 18
7189 4 27
7189 5 27
7189 6 18
7189 7 -147
7189 8 -21
7201 1 -14
7201 2 -29
7201 3 -29
7201 4 -14
7207 1 133
7207 2 133
7213 1 1
7213 2 1
7219 1 4
7219 2 4
7231 1 6
7231 2 -36
7231 3 -36
7231 4 6
7237 1 -69
7237 2 -69
7243 1 7
7243 2 7
7273 1 -9
7273 2 -18
7273 3 -18
7273 4 -9
7297 1 1
7297 2 1
7299 1 58
7299 2 -31
7299 3 -31
7299 4 58
7303 1 -30
7303 2 -201
7303 3 -201
7303 4 -30
7309 1 -33
7309 2 -33
7321 1 7
7321 2 7
7333 1 7
7333 2 7
7351 1 -74
7351 2 -74
7353 1 41
7353 2 -16
7353 3 -1
7353 4 5
7353 5 5
7353 6 -1
7353 7 -16
7353 8 41
7357 1 -33
7357 2 -21
7357 3 -21
7357 4 -33
7363 1 4
7363 2 -2
7363 3 -2
7363 4 4
7369 1 -1
7369 2 -1
7393 1 -11
7393 2 -11
7407 1 -88
7407 2 2
7407 3 2
7407 4 -88
7411 1 84
7411 2 84
7417 1 -113
7417 2 -113
7423 1 3
7423 2 -33
7423 3 -33
7423 4 3
7441 1 0
7441 2 -33
7441 3 -33
7441 4 0
7459 1 112
7459 2 112
7461 1 13
7461 2 -14
7461 3 -14
7461 4 13
7471 1 22
7471 2 125
7471 3 125
7471 4 22
7477 1 151
7477 2 151
7483 1 -49
7483 2 19
7483 3 19
7483 4 -49
7489 1 22
7489 2 22
7501 1 136
7501 2 -8
7501 3 -8
7501 4 136
7507 1 22
7507 2 22
7519 1 -3
7519 2 9
7519 3 9
7519 4 -3
7537 1 -8
7537 2 -8
7543 1 103
7543 2 -128
7543 3 -128
7543 4 103
7549 1 19
7549 2 19
7561 1 -11
7561 2 -11
7573 1 40
7573 2 40
7591 1 19
7591 2 19
7603 1 76
7603 2 76
7609 1 93
7609 2 9
7609 3 9
7609 4 93
7621 1 76
7621 2 76
7639 1 -2
7639 2 -2
7651 1 -56
7651 2 70
7651 3 70
7651 4 -56
7657 1 -32
7657 2 -64
7657 3 1
7657 4 5
7657 5 5
7657 6 1
7657 7 -64
7657 8 -32
7663 1 -27
7663 2 9
7663 3 9
7663 4 -27
7669 1 24
7669 2 24
7677 1 -117
7677 2 6
7677 3 6
7677 4 -117
7681 1 0
7681 2 0
7687 1 -59
7687 2 -59
7699 1 12
7699 2 12
7717 1 -11
7717 2 -11
7723 1 9
7723 2 9
7731 1 14
7731 2 2
7731 3 2
7731 4 14
7741 1 3
7741 2 3
7747 1 -42
7747 2 15
7747 3 15
7747 4 -42
7753 1 25
7753 2 25
7759 1 -53
7759 2 -53
7771 1 -11
7771 2 13
7771 3 13
7771 4 -11
7783 1 4
7783 2 109
7783 3 109
7783 4 4
7789 1 73
7789 2 73
7807 1 -8
7807 2 -11
7807 3 -11
7807 4 -8
7813 1 75
7813 2 -39
7813 3 -39
7813 4 75
7819 1 13
7819 2 79
7819 3 79
7819 4 13
7839 1 0
7839 2 -39
7839 3 -9
7839 4 0
7839 5 0
7839 6 -9
7839 7 -39
7839 8 0
7861 1 -11
7861 2 -59
7861 3 -59
7861 4 -11
7867 1 31
7867 2 31
7873 1 22
7873 2 22
7879 1 -71
7879 2 -71
7891 1 3
7891 2 -39
7891 3 -39
7891 4 3
7893 1 -7
7893 2 -13
7893 3 -13
7893 4 -7
7903 1 -12
7903 2 39
7903 3 39
7903 4 -12
7927 1 -26
7927 2 -26
7933 1 -87
7933 2 -87
7947 1 -16
7947 2 4
7947 3 4
7947 4 -16
7951 1 -11
7951 2 -11
7957 1 37
7957 2 107
7957 3 107
7957 4 37
7963 1 3
7963 2 3
7969 1 42
7969 2 15
7969 3 15
7969 4 42
7993 1 4
7993 2 4
7999 1 -5
7999 2 1
7999 3 1
7999 4 -5
8001 1 -12
8001 2 3
8001 3 12
8001 4 -27
8001 5 -27
8001 6 12
8001 7 3
8001 8 -12
8011 1 12
8011 2 12
8017 1 16
8017 2 16
8029 1 1
8029 2 -47
8029 3 -16
8029 4 26
8029 5 26
8029 6 -16
8029 7 -47
8029 8 1
8047 1 162
8047 2 3
8047 3 3
8047 4 162
8053 1 9
8053 2 9
8059 1 1
8059 2 1
8071 1 18
8071 2 -12
8071 3 -12
8071 4 18
8089 1 -29
8089 2 -29
8101 1 -21
8101 2 -21
8113 1 46
8113 2 13
8113 3 -23
8113 4 1
8113 5 1
8113 6 -23
8113 7 13
8113 8 46
8137 1 12
8137 2 75
8137 3 75
8137 4 12
8161 1 34
8161 2 34
8163 1 -7
8163 2 11
8163 3 11
8163 4 -7
8167 1 4
8167 2 4
8179 1 126
8179 2 126
8191 1 0
8191 2 0
8197 1 4
8197 2 -158
8197 3 -158
8197 4 4
8203 1 13
8203 2 -25
8203 3 -25
8203 4 13
8209 1 -8
8209 2 -8
8221 1 52
8221 2 52
8227 1 166
8227 2 -11
8227 3 -11
8227 4 166
8233 1 -17
8233 2 -17
8251 1 -20
8251 2 -53
8251 3 -53
8251 4 -20
8263 1 12
8263 2 12
8269 1 -63
8269 2 -63
8271 1 19
8271 2 -4
8271 3 -4
8271 4 19
8287 1 37
8287 2 37
8293 1 -146
8293 2 -146
8299 1 -31
8299 2 62
8299 3 62
8299 4 -31
8311 1 91
8311 2 91
8317 1 1
8317 2 1
8329 1 -98
8329 2 -98
8341 1 4
8341 2 -5
8341 3 -5
8341 4 4
8353 1 3
8353 2 3
8359 1 -12
8359 2 -72
8359 3 -72
8359 4 -12
8377 1 7
8377 2 7
8389 1 12
8389 2 12
8401 1 -69
8401 2 48
8401 3 48
8401 4 -69
8407 1 12
8407 2 -18
8407 3 -18
8407 4 12
8419 1 -8
8419 2 -8
8431 1 -9
8431 2 -9
8433 1 -93
8433 2 24
8433 3 24
8433 4 -93
8443 1 -131
8443 2 -131
8461 1 4
8461 2 4
8467 1 67
8467 2 67
8473 1 19
8473 2 -17
8473 3 -17
8473 4 19
8479 1 -53
8479 2 25
8479 3 25
8479 4 -53
8491 1 -11
8491 2 -43
8491 3 -43
8491 4 -11
8509 1 -72
8509 2 -162
8509 3 -162
8509 4 -72
8521 1 -62
8521 2 -62
8527 1 7
8527 2 7
8539 1 -185
8539 2 -185
8541 1 -38
8541 2 -4
8541 3 -61
8541 4 41
8541 5 41
8541 6 -61
8541 7 -4
8541 8 -38
8557 1 112
8557 2 37
8557 3 37
8557 4 112
8563 1 -42
8563 2 -42
8581 1 -17
8581 2 -17
8587 1 -2
8587 2 -13
8587 3 -13
8587 4 -2
8593 1 -149
8593 2 -16
8593 3 -16
8593 4 -149
8599 1 -57
8599 2 -57
8611 1 9
8611 2 -63
8611 3 -63
8611 4 9
8617 1 -35
8617 2 -17
8617 3 -17
8617 4 -35
8623 1 -51
8623 2 -51
8629 1 5
8629 2 5
8641 1 7
8641 2 7
8647 1 -63
8647 2 -63
8659 1 7
8659 2 -44
8659 3 -44
8659 4 7
8677 1 -39
8677 2 -39
8683 1 148
8683 2 -29
8683 3 -29
8683 4 148
8689 1 -47
8689 2 -47
8703 1 1
8703 2 -29
8703 3 -29
8703 4 1
8707 1 10
8707 2 10
8713 1 18
8713 2 18
8719 1 16
8719 2 16
8731 1 -5
8731 2 -5
8737 1 -41
8737 2 -41
8743 1 46
8743 2 -73
8743 3 -73
8743 4 46
8749 1 9
8749 2 -24
8749 3 -24
8749 4 9
8757 1 -32
8757 2 26
8757 3 20
8757 4 2
8757 5 2
8757 6 20
8757 7 26
8757 8 -32
8761 1 18
8761 2 18
8773 1 -10
8773 2 16
8773 3 16
8773 4 -10
8779 1 -14
8779 2 -14
8797 1 52
8797 2 -5
8797 3 -5
8797 4 52
8803 1 -28
8803 2 -28
8821 1 37
8821 2 37
8827 1 36
8827 2 162
8827 3 -18
8827 4 9
8827 5 9
8827 6 -18
8827 7 162
8827 8 36
8839 1 108
8839 2 108
8863 1 16
8863 2 16
8887 1 61
8887 2 61
8893 1 9
8893 2 9
8911 1 -3
8911 2 -18
8911 3 99
8911 4 0
8911 5 0
8911 6 99
8911 7 -18
8911 8 -3
8917 1 40
8917 2 19
8917 3 19
8917 4 40
8919 1 1
8919 2 11
8919 3 11
8919 4 1
8923 1 133
8923 2 133
8929 1 9
8929 2 9
8941 1 -15
8941 2 -15
8953 1 16
8953 2 -32
8953 3 -32
8953 4 16
8971 1 46
8971 2 46
8973 1 -39
8973 2 -33
8973 3 -33
8973 4 -39
8983 1 -87
8983 2 33
8983 3 33
8983 4 -87
9001 1 -17
9001 2 -17
9007 1 -47
9007 2 -47
9013 1 -15
9013 2 -15
9037 1 1
9037 2 -61
9037 3 -61
9037 4 1
9043 1 31
9043 2 31
9049 1 0
9049 2 0
9067 1 1
9067 2 1
9073 1 -23
9073 2 52
9073 3 52
9073 4 -23
9079 1 10
9079 2 -44
9079 3 -44
9079 4 10
9081 1 9
9081 2 3
9081 3 3
9081 4 9
9091 1 19
9091 2 19
9103 1 15
9103 2 15
9109 1 4
9109 2 4
9121 1 7
9121 2 -35
9121 3 -35
9121 4 7
9127 1 28
9127 2 28
9133 1 16
9133 2 16
9139 1 -5
9139 2 -14
9139 3 -41
9139 4 49
9139 5 49
9139 6 -41
9139 7 -14
9139 8 -5
9151 1 -14
9151 2 -14
9157 1 -8
9157 2 -8
9181 1 -32
9181 2 -32
9187 1 28
9187 2 28
9189 1 58
9189 2 23
9189 3 23
9189 4 58
9199 1 39
9199 2 39
9211 1 6
9211 2 -3
9211 3 -3
9211 4 6
9217 1 6
9217 2 3
9217 3 3
9217 4 6
9241 1 81
9241 2 81
9243 1 12
9243 2 -78
9243 3 9
9243 4 -36
9243 5 -36
9243 6 9
9243 7 -78
9243 8 12
9247 1 -126
9247 2 -3
9247 3 -3
9247 4 -126
9253 1 -39
9253 2 9
9253 3 9
9253 4 -39
9271 1 -123
9271 2 30
9271 3 30
9271 4 -123
9277 1 -5
9277 2 -5
9283 1 -222
9283 2 -222
9289 1 -81
9289 2 -48
9289 3 -48
9289 4 -81
9297 1 27
9297 2 6
9297 3 6
9297 4 27
9313 1 33
9313 2 -21
9313 3 -21
9313 4 33
9319 1 139
9319 2 139
9331 1 43
9331 2 -68
9331 3 35
9331 4 -40
9331 5 -40
9331 6 35
9331 7 -68
9331 8 43
9337 1 -99
9337 2 -99
9343 1 3
9343 2 3
9349 1 111
9349 2 111
9351 1 -18
9351 2 -9
9351 3 -9
9351 4 -18
9373 1 -33
9373 2 -54
9373 3 6
9373 4 0
9373 5 0
9373 6 6
9373 7 -54
9373 8 -33
9391 1 -8
9391 2 -8
9397 1 -33
9397 2 -33
9403 1 18
9403 2 18
9421 1 1
9421 2 1
9433 1 -50
9433 2 -50
9439 1 -6
9439 2 -6
9451 1 4
9451 2 43
9451 3 43
9451 4 4
9459 1 -6
9459 2 -21
9459 3 -21
9459 4 -6
9463 1 -2
9463 2 -2
9481 1 72
9481 2 -63
9481 3 -63
9481 4 72
9511 1 -11
9511 2 -11
9513 1 -21
9513 2 48
9513 3 -9
9513 4 108
9513 5 108
9513 6 -9
9513 7 48
9513 8 -21
9517 1 -3
9517 2 -6
9517 3 -6
9517 4 -3
9529 1 -86
9529 2 4
9529 3 4
9529 4 -86
9547 1 -68
9547 2 -68
9567 1 90
9567 2 6
9567 3 6
9567 4 90
9577 1 60
9577 2 -174
9577 3 -174
9577 4 60
9589 1 -17
9589 2 10
9589 3 10
9589 4 -17
9601 1 -41
9601 2 -41
9607 1 39
9607 2 -27
9607 3 -27
9607 4 39
9613 1 -59
9613 2 -59
9619 1 13
9619 2 13
9621 1 37
9621 2 113
9621 3 113
9621 4 37
9631 1 -15
9631 2 -15
9643 1 -47
9643 2 -47
9649 1 -29
9649 2 -29
9661 1 105
9661 2 105
9667 1 31
9667 2 -7
9667 3 -7
9667 4 31
9679 1 -149
9679 2 -149
9697 1 -20
9697 2 -20
9703 1 57
9703 2 75
9703 3 75
9703 4 57
9709 1 -88
9709 2 43
9709 3 -4
9709 4 -14
9709 5 -14
9709 6 -4
9709 7 43
9709 8 -88
9721 1 12
9721 2 12
9733 1 -2
9733 2 -2
9739 1 12
9739 2 12
9763 1 11
9763 2 -26
9763 3 -26
9763 4 11
9769 1 -47
9769 2 -47
9781 1 1
9781 2 1
9783 1 0
9783 2 42
9783 3 42
9783 4 0
9787 1 1
9787 2 1
9793 1 -74
9793 2 -122
9793 3 -122
9793 4 -74
9811 1 24
9811 2 24
9817 1 7
9817 2 7
9829 1 22
9829 2 22
9837 1 -1
9837 2 38
9837 3 38
9837 4 -1
9841 1 72
9841 2 15
9841 3 15
9841 4 72
9847 1 13
9847 2 4
9847 3 4
9847 4 13
9859 1 42
9859 2 42
9871 1 -17
9871 2 -17
9883 1 -101
9883 2 -101
9891 1 9
9891 2 9
9891 3 48
9891 4 93
9891 5 93
9891 6 48
9891 7 9
9891 8 9
9901 1 22
9901 2 22
9907 1 61
9907 2 61
9919 1 -5
9919 2 8
9919 3 37
9919 4 -14
9919 5 -14
9919 6 37
9919 7 8
9919 8 -5
9931 1 1
9931 2 1
9937 1 -114
9937 2 -18
9937 3 -18
9937 4 -114
9943 1 52
9943 2 -5
9943 3 -5
9943 4 52
9949 1 -48
9949 2 -48
9961 1 -78
9961 2 -39
9961 3 -39
9961 4 -78
9967 1 -32
9967 2 -32
9973 1 4
9973 2 4
9991 1 21
9991 2 -60
9991 3 -60
9991 4 21
9997 1 0
9997 2 144
9997 3 144
9997 4 0
